"1","$tabla_correlaciones_individuales
"
"1","
$matriz_correlacion_completa
              %TGS muscular     CPK1º     CPK2º     CPK3º     CPK4º     CPK5º     CPK6º
%TGS muscular     1.0000000 0.3076776 0.2627365 0.1535189 0.2627139 0.2187459 0.4602044
CPK1º             0.3076776 1.0000000 0.3505079 0.2918149 0.3032765 0.3532071 0.4286000
CPK2º             0.2627365 0.3505079 1.0000000 0.1459354 0.3460923 0.4175446 0.2882348
CPK3º             0.1535189 0.2918149 0.1459354 1.0000000 0.3251278 0.1379645 0.5494597
CPK4º             0.2627139 0.3032765 0.3460923 0.3251278 1.0000000 0.6812570 0.3714107
CPK5º             0.2187459 0.3532071 0.4175446 0.1379645 0.6812570 1.0000000 0.3651263
CPK6º             0.4602044 0.4286000 0.2882348 0.5494597 0.3714107 0.3651263 1.0000000

$plot_matriz_correlacion
"
"1","
$grafico_trayectorias_individuales
"
