"1","$tabla_correlaciones_individuales
"
"1","
$matriz_correlacion_completa
              %TGS eficacia      GGT1º      GGT2º      GGT3º      GGT4º      GGT5º      GGT6º
%TGS eficacia     1.0000000 -0.1255232 -0.1578110 -0.1111114 -0.2814280 -0.3067931 -0.2127215
GGT1º            -0.1255232  1.0000000  0.8554380  0.7129294  0.7181811  0.6950113  0.8644836
GGT2º            -0.1578110  0.8554380  1.0000000  0.9475413  0.9109631  0.9121352  0.9398130
GGT3º            -0.1111114  0.7129294  0.9475413  1.0000000  0.9063592  0.8009320  0.9445297
GGT4º            -0.2814280  0.7181811  0.9109631  0.9063592  1.0000000  0.8738903  0.8786514
GGT5º            -0.3067931  0.6950113  0.9121352  0.8009320  0.8738903  1.0000000  0.9144249
GGT6º            -0.2127215  0.8644836  0.9398130  0.9445297  0.8786514  0.9144249  1.0000000

$plot_matriz_correlacion
"
"1","
$grafico_trayectorias_individuales
"
