"1","$tabla_correlaciones_individuales
"
"1","
$matriz_correlacion_completa
              %TGS muscular     LDH1º     LDH2º     LDH3º     LDH4º     LDH5º     LDH6º
%TGS muscular     1.0000000 0.1437373 0.1421623 0.2502412 0.1462906 0.2180458 0.2709799
LDH1º             0.1437373 1.0000000 0.5833946 0.3835149 0.6943228 0.6805997 0.5628680
LDH2º             0.1421623 0.5833946 1.0000000 0.5454513 0.5868333 0.7074348 0.6979628
LDH3º             0.2502412 0.3835149 0.5454513 1.0000000 0.4252628 0.4572568 0.6529404
LDH4º             0.1462906 0.6943228 0.5868333 0.4252628 1.0000000 0.7264114 0.7972281
LDH5º             0.2180458 0.6805997 0.7074348 0.4572568 0.7264114 1.0000000 0.7547881
LDH6º             0.2709799 0.5628680 0.6979628 0.6529404 0.7972281 0.7547881 1.0000000

$plot_matriz_correlacion
"
"1","
$grafico_trayectorias_individuales
"
